           0           0
           0          -1
           0           1
           0           2
           1           2
           0           3
          -1          -1
           0           4
          -2          -1
          -1           4
           2           2
           1          -1
          -2           0
          -1          -2
           1          -2
          -1          -3
           3           2
          -1           2
           3           1
          -1          -4
          -2           4
           3           3
          -2          -3
           0          -4
           0          -5
           3           0
           2           3
          -3          -3
           4           0
          -4          -3
           4           3
          -5          -3
          -6          -3
           3          -1
          -6          -2
           0          -6
           5           3
          -6          -4
          -7          -3
          -8          -3
           1          -6
           6           3
           0          -7
          -6          -5
           4          -1
           5          -1
          -2           5
           7           3
           8           3
          -9          -3
          -9          -4
           0           5
           9           3
          -1          -7
          -1          -8
          10           3
         -10          -4
           5          -2
           8           2
          -6          -1
           1           5
           1           6
           8           4
           2           6
           1          -7
         -10          -3
           6          -1
           3           6
           8           1
           6          -2
          -9          -5
          10           2
          11           2
          -1           5
           8           0
          -7          -5
           6          -3
          -7          -1
          12           2
          -2           1
           4           6
         -11          -3
         -11          -4
          -2          -8
           0           6
          10           4
         -10          -2
          -1          -9
          -3          -8
           6          -4
          13           2
           5           6
          11           4
         -12          -3
          13           1
          10           5
          -4          -8
           9           0
         -12          -4
          -7          -6
           6           6
           4           7
          14           1
         -13          -4
         -12          -2
          -8          -6
          -3           4
         -14          -4
           7          -4
          -1         -10
         -12          -1
          15           1
         -13          -5
           3           7
         -12           0
         -13          -6
          -2         -10
           4          -2
         -15          -4
          16           1
          16           2
         -15          -3
         -16          -4
          16           0
           0           7
          17           1
          10           6
         -15          -2
           8          -1
          -2         -11
          14           0
         -12           1
         -13          -7
          18           1
          -2           6
         -12           2
          -1         -11
          -2         -12
         -16          -2
          -8          -7
         -15          -5
          10           7
           0           8
         -16          -5
          11           7
          -2         -13
         -17          -4
          -2         -14
         -17          -3
          18           2
          -2         -15
           7          -5
           3           8
           2           8
          -1         -13
          19           1
          -2         -16
         -14          -7
          10           8
         -18          -3
          -1           8
           8          -5
          13           3
          -2           2
          10           9
           2           9
          -1           9
          -2         -17
          -3         -13
           9          -5
           3           9
          -2         -18
          -8          -8
         -18          -2
          10          10
         -13           1
          20           1
          20           2
           6          -5
          -2         -19
         -19          -2
           0         -11
           0         -12
          -2           8
          20           0
          -3         -19
          -1         -19
         -18          -1
          -1         -20
          14           3
          10           0
         -13           2
           0         -20
           0         -21
           1         -21
           2         -21
           1         -12
          -4         -19
          11          10
          20          -1
         -20          -2
          21           0
          20           3
         -21          -2
           2         -20
          -3           8
          12          10
          -3         -10
         -18           0
           2         -22
           2         -12
          20          -2
         -22          -2
          -1          10
          14          -1
          -9          -8
          12          11
          -4         -20
          -5          -8
          -9          -9
          11          11
           3         -22
          12          12
         -22          -3
          -5         -19
         -22          -4
           2         -13
           2         -23
          21           2
         -23          -2
           0         -22
           1         -23
         -24          -2
         -18           1
          22           0
           0          10
         -10          -9
          23           0
           4         -22
          13          12
          23          -1
           5         -22
           9           9
           3          10
           4         -23
          14          12
          14          11
          14          13
          19           3
          23           1
         -14          -8
         -15          -8
           5         -23
           3         -20
          -4         -21
          21           3
          14          14
          -3           9
          20          -3
           0          11
          20          -4
          -2          10
         -11          -9
         -18           2
          11          12
         -18           3
          21          -4
           4          10
          21          -5
           1          -8
         -23          -4
          14          15
         -14           2
         -16          -6
          22          -4
          15          11
          21          -6
          13          14
           2          10
          -4           9
           3         -19
         -21          -4
          23          -4
          21           4
           4          11
          12          14
           2         -23
         -16          -8
          24           0
           4         -24
           3         -12
         -25          -2
          -5         -21
         -23          -5
          22          -6
          -6         -21
          -6         -22
          -4           4
          21          -7
         -23          -6
          25           0
          22           3
          -3          10
           4         -19
          22          -7
          -7         -22
          -5           4
         -25          -1
          14          16
          15          13
         -22          -6
         -19           3
           1          11
          23          -7
          24           1
           4           8
          -8         -22
           5         -21
          20          -7
           4          12
           3         -13
           6         -22
         -21          -6
          16          13
          22           2
         -12           3
          -2          11
           7         -22
          23          -8
          10          12
         -25           0
          23          -9
         -25          -3
         -22          -7
          22          -9
         -25          -1
          12          15
          13          16
           5         -24
           3          12
          -8         -23
          12          16
         -23          -7
         -26          -3
          26           0
          14          17
          -2          12
          24          -7
           6         -24
           7         -24
           8         -22
         -24           0
          14          18
         -12           4
          15          18
         -17          -8
           4         -25
          11          16
           4         -26
          25          -7
         -24           1
         -26           0
          21           5
           4         -27
          26          -1
          -8         -24
         -27           0
          -2          13
          -2          14
          22         -10
         -26           1
          23         -10
          -3          12
         -12          -9
           4         -13
           5         -27
           5         -28
          -9         -24
         -27          -3
         -11           1
          27          -1
         -28           0
         -18           4
         -27          -4
          -2          15
          15          19
          -6         -19
          15          16
          14          19
         -24           2
          -8         -25
         -13          -9
          -9         -25
          -5           9
          -8         -26
          -1          15
           8         -24
          -4         -13
          19          -7
         -10         -25
          15          20
          16          11
           6         -27
         -11         -25
          11          17
          -3         -17
         -18           5
          28          -1
         -24          -7
          -9         -26
          17          13
           4         -18
          28          -2
          -6           9
          26          -7
         -11         -26
          22           4
           3          13
         -28           1
          18          13
          13          19
          29          -2
         -18           6
           3          14
         -20           3
         -15           2
         -29           1
         -19           6
          13          20
          19          13
          -5         -13
         -12         -25
         -10         -26
         -13         -25
          -7           9
          29          -3
          22         -11
          -8         -27
         -30           1
         -31           1
         -19           7
           5         -29
          -5         -22
          23         -11
         -25          -7
          12          20
         -25          -6
          11          15
         -11           3
           4         -27
          -5          10
         -21          -7
          -7          10
         -28          -4
         -13         -10
           4          14
           5         -30
         -14         -25
           5         -30
          -7           8
         -25          -8
           8         -21
          -3          13
          19          12
          26           1
          20          -8
          -3          15
          20          12
           6         -30
          16          20
          21          12
           4         -30
          22         -12
          24         -11
         -10         -27
           5          14
          -7          11
          25         -11
          16          21
           1         -24
          16          18
          16          21
          19          14
         -19           8
          -1          16
          23         -11
          22          12
          24           2
          17          20
          -1          17
          25         -10
          22         -13
           9         -24
          19          15
          -7          12
         -25           2
          -7         -27
          17          21
          28           0
           5         -30
          -4          15
         -32           1
          -8          10
         -19           9
          17          22
          23          12
          26         -10
         -10         -28
         -26          -8
          -5          15
          28           1
           3         -30
         -28          -5
         -28           2
           3         -30
         -13         -26
         -31           0
           9         -23
          21          13
         -19          10
          24           3
           5         -31
         -32           2
          -9          10
          11          18
         -19          11
         -10          10
          12          21
         -33           1
          17          23
          -7         -28
          23         -13
          27         -10
          18          23
         -12         -24
           9         -25
          18          20
         -13         -25
          28         -10
          17          24
          28         -11
          17          25
           9         -26
         -19          12
         -26          -9
          -9         -28
         -19          13
           0          17
          18          25
         -13         -11
           6         -29
          -9         -29
          19          20
         -19          14
          24           4
          23          11
          27          -1
         -29           1
           7         -30
         -27          -8
           6          14
          25           4
          10         -25
         -18          12
          24          12
           0         -24
         -12         -24
         -16          -9
           0          18
           0         -25
          19          19
          13          21
          26          -2
          -6         -28
          -9         -29
         -26         -10
          25          -6
         -13         -12
          -8          12
         -20          14
          -4          16
         -20          11
           6         -24
         -25          -6
         -20          15
          21         -13
          -3          16
         -20           6
           9         -25
          12          22
          -5          16
          27          -2
          10         -26
          19          -3
         -21          15
          -4          17
          -7         -26
         -27          -9
          27         -11
          10         -23
         -29          -5
          28         -12
         -14         -26
         -22          15
          21          14
         -27          -7
         -11         -27
         -30          -5
         -21           6
          27          -7
          19          23
         -23          15
         -11         -27
         -29           2
         -24          15
          29         -10
          20          20
         -16         -10
          -8         -29
          28         -13
          17          26
          16          26
          29          -9
          30         -10
           5         -32
         -13         -27
         -16         -11
         -15         -26
          24          13
         -21          16
         -21          17
          -7         -29
           0          19
           3         -31
          30          -2
          24          14
          28           2
         -20          16
          25         -12
          28           3
          29          -8
         -20          -7
          25           5
          -5         -28
         -13         -28
          -6          16
           0          20
          24          15
         -10         -10
          11         -23
           4         -27
         -21          18
         -25          15
           2         -31
          29         -12
           5         -33
          25          13
         -32           3
         -33           3
          -1          20
         -34           3
           5         -34
         -32           0
          28         -14
         -19          16
          25         -13
         -30          -5
         -25         -10
         -28           2
          -1          21
           2         -30
         -32          -1
          26          13
          31          -2
          19          25
          15          26
         -21          19
          26          14
          -5         -29
          28         -15
         -31           3
          25           6
          25           7
          30         -12
         -27         -10
         -14         -27
         -25         -11
          29          -7
          28           4
         -28          -9
          -1          22
         -25         -12
          12         -23
         -27           0
           9         -27
          18          25
           6          15
          -4         -29
          28         -15
          31          -3
          26          15
          12         -24
           6         -28
          25           8
         -26          -9
          -2          22
          12         -22
         -27          -3
          -2          21
          15          25
          21          20
         -31           4
          19          24
          -3         -29
          30          -9
          31          -9
          -4         -30
          28         -16
          27         -16
         -32          -2
         -18          16
          13         -22
         -31           5
         -25         -13
         -27         -11
          20          24
          -9         -30
         -22          18
          26          12
         -24         -13
          28           5
          27          12
         -25          16
         -31           6
          14          26
          27         -17
           1          18
         -31           7
         -33           4
          -1          23
          -1          24
          26          16
         -21          20
          21          24
          29           5
          30          -7
          22          20
           1         -25
         -26          15
          10          18
         -21          21
          13         -23
         -12         -25
         -26         -13
         -31           6
         -32          -3
          28          12
          30         -11
         -15         -25
          29          12
          14          27
          -9         -31
          26           8
          -2          24
          32          -9
          27           5
          -4         -31
          13          27
         -30           7
           8         -30
         -30           8
          26          17
         -26          16
         -23          18
           0          24
         -28         -10
          10         -27
          22          19
           9         -30
          26          18
          22          24
          32          -3
         -29         -10
          27          16
          32         -10
          12         -21
          19          26
          33         -10
          22          25
         -26         -14
          -3          24
          21          24
          29         -15
          32          -4
          15          27
           1          24
         -10         -31
         -25          17
          26         -17
         -32           7
          12         -25
          10         -30
           2          24
          23          25
         -30          -6
           0          25
          22          21
           2         -32
          -2          25
          12         -26
           2         -30
          27          18
         -21          22
          29           6
          29           2
           5         -31
         -33           2
         -15         -24
          27          19
          11         -30
          15          28
          -2          26
         -25          18
         -23         -13
          25         -14
          27         -15
          13          28
          28         -16
           3          24
         -31           8
          33          -4
         -16         -12
          33          -3
          33          -9
          -8         -31
           8         -31
         -27          15
          13          29
         -25          19
          23          24
          34          -3
          28          16
         -28         -11
          27         -18
          23          26
          -3          26
          29           7
         -26         -15
           1          25
          29          11
          23          25
          13          30
           9         -31
          31          -1
         -27          16
          30           2
          -8         -32
          29         -16
         -13         -29
          12          29
         -27         -15
          26          19
         -25          20
           9         -21
          -3          25
         -29         -11
          -8          13
          22          25
          30         -16
          29          13
          13          31
         -28         -15
         -33           7
          28          19
          11         -29
          -8         -33
          11          29
          30           5
          23          23
         -31           9
          27          20
          14          31
          11         -31
          29         -17
         -26          20
          -7         -33
          -2          27
          13          32
          14         -22
          34          -4
         -33          -3
         -26          21
          12          32
          34         -10
           5         -35
          29         -18
          25          19
           8         -32
         -34           7
         -29         -15
          13         -26
         -16         -24
          28         -13
         -11         -31
           4         -34
         -17         -24
          24          26
         -35           3
         -30         -10
          -4          18
         -14         -28
          -9          13
         -31          -6
         -33           3
          11          30
         -29         -12
          31         -12
          27          21
         -36           3
          35          -3
         -26          18
         -30         -15
          12         -30
          -2          28
          -2          29
         -30           9
          30          11
          -4          25
          31          11
          -8         -34
         -31         -10
         -21          23
          16          28
         -21          24
          29          16
          12          33
          35          -4
         -34           8
          10          30
          29         -17
           4         -35
          32          -1
          34          -2
         -20          18
         -34          -3
         -14         -29
          30         -15
          -7         -34
         -34          -4
          30          16
          32          11
          35          -3
           9         -32
          11          32
          -9         -34
          11          21
          36          -4
          -5          25
          10         -32
         -26          22
           4          24
          24          24
           4         -35
          25          26
         -37           3
           3         -35
         -26          23
          33          11
         -34          -5
         -27          22
          34          11
         -31         -15
         -15         -29
         -32          -6
         -25         -15
           3          25
          31           0
          28         -18
          32           0
          -5          26
          -8         -34
           1         -30
         -27         -16
          20          26
         -28         -16
          12         -31
         -31         -16
          25          25
          -6          26
         -32         -10
           5         -35
           9         -33
          12          34
          -2          30
          35         -10
         -21          25
          17          28
         -34           4
         -28          15
          33          -2
         -30         -16
          -8         -35
          37          -4
         -27          23
          36          -5
          30           6
          -2          31
         -30         -17
          36          -5
         -28          16
         -17         -23
          30           7
         -20          25
         -30         -18
          36          -4
         -30         -19
         -27          20
          29         -19
          27          22
          30         -19
           2         -35
         -29          16
          -7         -35
          13          34
          25          27
         -15         -30
          -9         -34
          35          11
         -35           2
         -16         -26
           7         -32
          28         -19
           1         -35
          34          -1
           9         -34
          29          19
          34           0
           4         -36
          28         -20
          14          34
         -16         -30
           9         -35
         -35          -5
         -35           8
         -37           4
         -27          24
          35          10
         -27          25
          36          -3
         -17         -30
         -10         -34
          15          34
          26          27
         -27          26
          25          28
         -18         -24
          36         -10
         -35           9
          31         -19
          30          17
         -26          26
          -2          32
         -30          16
         -30          17
         -17         -26
           2         -33
          12         -32
          -7         -36
           2         -36
          36          -2
          36          11
         -17         -31
          26          27
          26         -18
         -22          25
          23          26
          36          -5
          -6         -34
         -21          26
          14         -26
         -30          -4
          32           1
         -34           6
         -18         -31
         -31         -18
          13          35
          35           0
          26          27
          36          10
          37         -10
          14         -25
           4         -37
          31         -20
         -30         -20
         -37           2
         -26         -16
          38         -10
          36          12
          36          13
         -36           8
         -38           4
          10         -35
          37          12
         -35          10
          -2          33
          30           8
           8         -33
         -17         -31
          36          12
          38          12
          38         -11
          30          19
          31          19
          30          20
          16          29
           8         -35
          36          -9
          16          34
          17          34
         -26         -17
          13          36
          10         -36
         -31         -20
         -18         -32
          11         -35
         -22          26
         -18          15
          11          34
         -28          20
         -33         -10
          -3          33
         -26          24
          14         -27
          28          17
          -4          33
          26         -19
          -7          26
         -34           8
         -19          18
          13         -32
         -18         -32
         -26          27
          17          35
         -33          -9
         -34         -10
          36         -11
          36           0
          -5          27
           3         -37
         -36           9
          38         -10
          31         -21
         -13         -30
           1         -34
         -34         -11
          36         -12
          38         -11
          39         -10
          11         -34
         -25          27
          28          22
          31          17
         -21          27
           8         -36
         -31         -21
          32          17
          -6         -35
          35           9
          -9         -35
          14         -24
         -30          18
         -36           4
          25          29
          14         -32
         -25          27
          33          17
          14          36
         -32         -21
          32          19
          37          -3
          34          17
          26         -20
          34           0
          15         -24
          30         -19
         -25          28
         -35         -11
          -1          33
         -28          21
          28         -21
          16          34
          13          37
          39          12
          -4          34
         -36         -11
         -35          11
          35          17
          15         -26
         -29          21
          12          35
          32          20
          28         -22
         -18         -33
         -37           9
          16         -24
           3         -38
          37          -2
          17          36
         -10         -35
         -19         -33
         -30         -21
          36           1
         -31          16
         -28          24
         -19         -34
          38          -2
          13          38
         -20         -34
         -20          26
         -21          28
          35         -11
          26          29
          14          38
          27          27
          37          13
          38          -1
          14         -33
          32         -12
          10         -35
          -5          33
          14         -33
         -17         -33
          11          33
         -19         -31
         -32         -22
          38          13
          26          30
          -6         -36
          17          29
           0          33
         -35          -4
          -4          35
         -19         -32
          15         -33
         -34          -6
         -29          22
          37         -11
          39         -10
          40          12
          35          18
          32         -20
          36           2
          10          33
           5         -36
          38          -2
         -33         -21
          17          37
           8         -37
         -32         -23
          33          20
          26          31
          41          12
         -38           2
          28         -23
          37         -10
          36         -13
         -18         -34
          15          38
         -11         -34
         -31          18
          11         -36
         -39           4
          27          31
         -21         -34
         -33         -23
          37           2
         -39           4
           8         -38
         -18         -35
         -21         -35
          41          12
          12          38
          28          31
          38           0
         -36         -12
         -32          16
         -36         -12
         -34         -21
          -4          36
          25          29
         -29          23
         -38           9
         -36          -5
         -17         -34
         -28          26
         -17         -27
          28          27
         -30          21
          23          27
         -37           4
         -21         -33
         -39           9
         -31         -23
           8         -39
          -4          37
           7         -39
         -21         -36
          12          39
         -30          23
          39           0
         -16         -34
          11         -37
          18          34
         -39           3
          11         -38
          31         -18
         -37           1
         -21          29
          28          23
         -31         -17
          12          36
         -34         -21
          26          32
         -35         -12
          39          -2
         -22         -35
          28         -24
         -32         -22
         -36         -10
          18          29
          34          11
           7         -37
          27          29
           3         -39
          39          -3
         -29          26
          36          18
         -39           8
         -22         -33
         -35         -21
          36           9
         -31          23
          33         -20
          34         -20
          18          36
         -22         -36
          40           0
         -34         -23
         -36         -13
          35         -20
          40           1
         -32         -24
          17         -24
          38          14
          18          37
         -22          29
          37         -10
         -21         -35
         -23         -35
          42          12
          36         -20
         -24         -35
          11          38
         -40           4
          -4          38
          40          -3
          41          12
          -6         -37
          37         -13
          28          31
          42          11
         -35         -20
          35         -21
         -16         -35
         -36         -14
          35         -21
         -38           1
         -40           3
          29         -23
         -37         -11
         -40           5
         -26          28
          39          11
          38          15
          35         -22
          41           1
          39          -9
         -36          -4
         -20          29
         -30          23
          28          28
          14          39
          41           0
         -26          29
         -32          17
          12         -37
         -37         -13
          37          18
         -41           5
          37         -20
           6         -39
          39         -11
         -33          17
         -21          30
          -5          34
         -18         -27
           6         -34
          16         -26
         -18         -23
          -5         -31
          -5          33
         -31         -18
          32          19
         -21          31
           8         -39
         -35          12
          16          36
          38           2
          19          34
          27          30
         -34          17
          35         -20
          35         -23
          40          -9
         -34         -24
           3         -40
         -27          29
          27          32
           7         -40
         -34         -25
         -38          10
          -7         -37
          10          38
          34         -23
          -6          33
         -37         -14
           4         -40
         -21          32
          10          39
          40         -10
          -5          35
          10         -36
          35         -13
          11          38
         -40           9
          42          10
          29         -24
          38          -9
         -39           1
          30          21
          38          -3
          39          11
         -24         -35
          29         -25
          35         -20
         -23         -33
          27          33
          18          38
         -27          30
         -24         -33
          13         -37
         -41           4
           9          33
         -20         -36
          39          15
         -41           6
         -27          31
          34         -24
          -6          34
          28          33
         -37          -5
           3         -39
         -20          32
          15         -34
         -38          -5
         -40           5
         -38         -11
          10          40
          41         -10
         -34          18
         -40           2
          42           0
         -16         -36
         -18         -36
         -38          11
         -32         -25
         -32          23
           4         -41
         -39         -11
         -28          31
         -42           4
          43          10
           5         -41
          42           1
          19          38
          28          26
          40          -4
           9          39
          10          41
         -16         -37
           2         -40
         -40         -11
          40          -8
         -16         -38
          -6         -38
         -39           5
         -22          30
          39          -4
          -8         -37
          39          -5
          41          -3
         -41           9
          27         -24
         -35          17
           8         -40
         -10         -36
          17         -26
          25         -20
          27          21
          18         -26
          -1          30
         -22          23
         -26          21
         -19          26
         -30          18
         -18         -25
         -22          24
         -28         -17
         -14         -30
          10         -33
          35         -11
          35          17
          39          10
          42          -3
         -42           5
          42          -1
          -5         -38
         -21          33
         -32         -26
          -9         -37
         -29          27
          -4          39
         -27          32
          36         -22
           9         -40
          19          36
          -3          39
          26          32
         -22         -37
          29         -26
         -24         -33
          36         -23
         -21          34
         -26          32
         -41         -11
         -25         -35
         -15         -38
         -23         -36
          -6          35
          20          36
         -25         -34
         -29          28
         -41         -12
          29         -27
           9         -40
          14         -37
          18         -24
          33         -24
           6         -41
         -41         -13
          33          21
         -40         -10
          34          21
         -35         -23
         -26         -35
          15         -37
         -24         -32
         -17         -38
          33         -25
          34         -25
         -26         -36
          33          22
         -21         -35
          -3          40
         -39          -5
          21          36
         -42           9
         -35          13
          27          29
         -41           8
          41          -9
           6         -42
          38         -20
          22          36
          10         -40
         -36         -20
          11         -39
         -29          29
         -31          24
           7         -40
         -22          34
          40           2
         -32          24
          38         -19
         -41         -14
          41          13
         -34          19
          37           9
          16          37
          16         -37
         -36         -21
         -28          32
          13         -38
          29          31
          42          -2
          35          21
          30         -27
          -5          39
           1         -40
         -34         -26
          29          32
         -42         -14
          42           9
          15         -38
          29          31
          30          31
          44          10
          17         -37
         -41         -11
         -32          25
         -14         -38
         -40         -13
         -32         -27
         -31         -27
          40          15
         -39         -13
         -36          13
          30         -27
          38         -20
         -26         -36
          40          16
          37         -23
         -42           3
          43           1
          10         -41
          34         -26
         -42           2
         -43           2
         -22         -38
          28          34
          -5          40
           5         -42
          19         -26
          20          38
          34         -27
          29          34
         -42         -13
         -26         -37
         -42         -15
          17         -36
          41           2
          30          32
         -26          33
         -22         -39
          30          34
          43          -3
         -42         -11
          29          28
          11         -41
         -36          17
         -32          26
         -37         -20
         -25         -37
          40          17
           0          34
          29          35
         -42          10
         -22         -40
          29         -28
          30         -28
          43           9
          15          39
          11         -42
         -40          10
          39         -20
         -30          29
          36          21
         -28          33
         -42          11
         -17         -39
          19         -27
          -5          38
          36         -19
          42          -3
         -33          23
         -37         -21
         -18         -39
         -42          12
          -2          39
         -40          -5
         -33          26
         -10         -37
         -24         -31
          14         -38
         -40          -4
          41          10
           7         -42
          41          14
          31          32
         -35         -25
          -5          41
         -38         -21
         -33          27
          10          42
          38         -13
          -6          41
          42          12
         -42           6
          10          43
          35         -26
           1         -41
         -24         -36
          -6         -39
         -37          17
         -21         -37
         -28          34
         -41         -15
          38         -14
         -21          35
         -16         -39
          -9         -38
         -27          32
          42         -10
          38         -23
          -6         -40
         -42           4
          42         -11
          -7          41
         -20          34
         -37          16
          12         -41
          -7          42
          17         -38
          41          15
         -43           5
         -27          34
          32          32
          11          43
         -16         -40
          -2          38
         -22          31
         -30          27
          42           2
          32          31
          38         -18
          31          32
          36          22
         -25         -37
          36          23
          22          35
         -42         -13
          34         -28
          44          -3
         -38         -22
          33          31
          43          12
         -29          34
         -22         -41
         -43           1
          10          37
          21          35
          26          33
         -25         -37
         -31         -24
          25          33
         -30          30
         -26         -36
         -38          17
         -18         -40
         -18         -41
         -36         -25
         -43          12
          41          17
         -39         -21
          17         -39
          20         -27
         -26         -34
          10          43
         -15         -40
          18         -36
          -5          42
          33          30
          -5          43
         -14         -40
          41           3
          17          38
         -41          -4
          42         -11
          44           1
          40         -20
          37          23
          43         -10
         -36         -26
         -23          34
          29         -29
          -6         -41
         -37         -22
          17         -40
          34          30
          26          34
          12          43
         -30          31
          43         -11
          38          23
          -7          43
          31          33
         -43         -13
         -23          35
          -8          42
          35         -25
          19          39
         -40          -9
          29         -30
         -43           1
          -6         -42
         -13         -40
          13          43
         -19         -41
          29          36
         -23         -40
          26          35
          -6         -43
          36          24
         -39          17
         -31          31
          44          -4
         -39         -22
          37          19
          19          39
          41          18
          33          32
         -42         -16
          -5         -43
           7         -43
         -39          16
         -41         -16
         -23          36
          43         -11
          40         -21
          -1          39
         -37         -19
         -43           3
         -30          34
         -14         -41
          40         -22
          38          24
          36         -26
          -5         -44
          42          18
          43           8
          14          43
         -19         -42
         -32          31
         -35          19
         -33          24
           3         -41
          17         -40
          41         -20
          18         -38
           7         -44
         -38          18
          27          35
           7         -45
          13         -41
         -42         -10
          29         -31
          -6         -44
          43           7
          31          33
           8         -44
         -40          -6
          36         -23
         -19          34
         -35         -19
          29          30
          32          30
          34         -29
          -4          43
          40         -22
          10          44
         -43           6
         -23         -39
         -28          35
          11          44
           7         -46
         -41          -6
         -43           6
          11         -43
          43          18
          36         -25
          42          14
           6         -46
          18         -39
          -8          43
          -4         -44
         -18         -42
         -40         -22
          18         -40
         -27          35
          44           8
          28         -31
          14          40
          39         -21
         -31         -28
         -27         -34
         -27         -37
          44           7
          13          44
          15          43
          45          10
          13          45
          19         -36
          42          -4
         -39         -20
         -43         -15
          38          22
         -43           7
         -43         -11
          33          29
          45           7
         -44         -13
         -30          35
         -42          -9
         -42          13
          -9          42
           9         -44
          17         -41
          42         -12
          44           2
          -7          44
          37         -26
          45          -4
          -5          44
         -10          42
           0         -41
           5         -43
          29         -32
          33          31
         -37          18
          -7         -42
          44           8
         -41         -22
           0         -42
         -28         -34
          -7          45
          11         -44
         -42          14
          42          19
          16          43
         -44          12
          20          39
          12          44
         -32          32
          -5          45
           5         -46
         -18         -43
         -37         -26
         -31          35
          34          29
         -43          14
          11          45
          -8          45
          30         -31
          -4          45
         -27          36
         -33          31
         -44         -11
         -40          17
         -21          36
         -40          18
          13         -42
         -42         -17
          41         -21
          46          10
         -23          37
          43         -12
         -34          27
         -44           1
          34         -30
          19         -40
         -38         -23
         -38          19
          21          38
          -5         -39
         -39         -14
          43          -4
          45          -3
           6         -47
         -27          37
          45           2
          34         -31
          45           6
         -34         -27
           7         -45
         -44         -15
         -41         -21
         -27          38
         -42         -22
          17          43
          42         -21
         -11          42
         -22          37
          44         -10
          -8          46
          41         -19
         -12          42
         -44          11
          18          43
         -18         -44
          45           3
          -3          43
           5         -45
           9         -45
          18          44
         -45         -13
          19         -38
          43          11
          39          23
         -14         -42
         -31          35
          47          10
           7         -47
          42          20
         -40          19
         -30          36
           8         -47
          34          31
          -8         -42
          13          43
          41         -18
         -41          -7
          40         -18
         -27         -36
          18          44
          43          20
          45          -5
          46          11
          -8          47
         -27          39
          33         -28
         -29         -34
          19         -41
         -32         -28
         -34          20
          39         -13
          43          -9
          38          25
          13         -43
          13         -44
          44         -12
          45          -2
          11          46
         -41         -23
          -5         -45
         -33          30
         -42         -21
          34         -32
         -34          28
         -45          12
          42          21
         -41          17
          41          20
         -43          15
           5         -47
          42         -22
          17         -42
          16          44
         -45          13
         -34          24
          34         -26
          44          -9
          -7         -44
          45           5
          45         -10
          31          34
         -44           0
          11         -45
          10          45
         -34          29
          -4          46
          20          40
          44          12
          45         -12
         -44          10
         -41          19
          35         -31
          43         -22
           9          38
          -7          47
          -9          47
          21          40
         -42         -23
          43         -23
          -9          48
          44         -23
          48          10
          20         -41
          44          18
          32          34
         -34         -28
          20          41
          10          46
          45          -6
         -19         -44
         -42          19
           6         -48
          18          45
         -42          20
          33          34
          -6          47
          46         -10
         -42          21
          46          -2
          44          20
          17         -43
         -30          37
          45          20
          11          47
          20         -42
         -30         -34
         -45           0
          20         -38
          12          43
          18          43
          33          35
          35         -32
         -27         -38
         -45          14
         -45           1
          -9          47
         -46          13
         -31         -34
         -42          22
         -46          12
         -24         -40
          17         -44
          38         -15
           9          42
           9          43
          13          44
         -45          15
          11         -46
          35          30
         -34         -29
         -30          36
         -43         -22
         -45         -15
         -35          24
         -23          37
          -7          44
         -27         -38
          36         -32
         -41          22
         -43          22
          18         -44
          45         -13
          46           7
          45           1
          18          44
         -42          18
         -18         -44
          46          -4
         -34         -30
         -32          35
           9          44
         -42          20
         -18         -45
         -45          -1
          -3          46
          35         -33
          33          36
         -45          10
          46         -11
          17         -45
          19          44
         -33          35
         -34          31
         -41         -24
          -4          47
          27          36
          46          12
         -46         -13
         -46          -1
         -35          23
          31         -31
         -23          38
          46          -6
         -43         -22
         -46         -14
         -24         -41
          46          -1
         -43          23
         -35         -29
          46          13
         -33          34
          47          13
         -34          35
          35         -34
         -35          28
         -43           4
          43         -13
         -34         -31
         -46          10
         -23          39
          13          45
         -23          40
         -10          43
          21         -41
         -47          -1
         -41         -25
         -34         -32
          43         -23
          33          37
         -40         -25
          -6          48
          13         -45
          22         -41
          47         -10
         -44          23
         -16         -41
          37         -27
          47          -4
         -35          35
         -31         -35
          43          21
          -9          49
         -20         -44
          -3          47
          35          29
          -5          47
          -5         -46
         -47          -2
          47          -3
         -33          36
           4         -47
          44          17
         -40          22
          26          36
         -34          31
          47          13
          37         -28
         -47          12
           9         -47
          34         -34
          19         -44
          36         -34
         -20         -45
         -25         -41
         -46         -15
          36         -35
         -47           0
         -23          41
           6         -49
          48          13
          10          47
         -35          36
         -36          35
         -42         -20
          22         -42
         -46          15
         -45          23
          -7         -45
          23         -42
          48          -3
         -41         -26
          37         -32
         -47         -15
          22         -40
         -41         -24
          37         -29
          -5         -47
          18          46
         -47          -3
         -34         -33
          44         -22
           8          43
         -41         -20
         -43         -20
          42          22
         -28          39
         -32         -35
         -10          48
          17         -46
         -32         -36
          47          14
         -24          40
          37         -31
         -45          23
         -44         -10
         -35          31
         -27          40
          33          38
          -3          48
           3         -47
         -24          41
          47         -11
           9          47
         -17         -45
           6         -50
          47          -1
         -47         -16
         -46           9
          -8          48
          23          36
         -18         -41
         -18         -43
          40          23
          20          44
          17         -47
          46          -7
          41          23
         -46          16
         -45         -10
         -22          40
         -42         -20
         -41         -26
         -11          48
          -4          48
          32          37
          29          37
          36         -34
          46          20
          38         -32
         -44         -20
          -8         -45
          44          17
         -20         -43
          34          36
          39          25
         -35          32
         -30          38
          18          47
          49          10
         -22          41
         -36          32
          45         -23
          20         -44
         -20         -46
          32          38
          11          48
          -3          44
          11         -45
         -28          40
         -33         -36
          48         -11
         -35          37
          -2          48
         -11          49
          35          36
         -38         -26
         -25          41
          46          21
          33          39
         -47           1
          45          21
         -47          10
          21          44
           6         -50
         -26          41
          47           0
         -11          48
         -41         -27
          46          22
         -48          10
         -41          -3
          46           6
         -48           9
          18          47
          49          -3
          -9         -45
         -35         -32
         -47         -14
         -37          35
         -30          39
          49          -4
         -49           9
         -22          38
          -3         -44
         -31         -35
         -36          33
         -41          23
          38          26
          44          20
          -2          43
          40         -21
         -29          37
          16         -47
         -33         -37
          31         -32
         -46          -2
         -47          10
         -26          42
         -31         -36
          -1          48
         -36          28
          42         -20
         -43          20
          22         -43
          45          18
          22          44
         -28          41
         -43         -23
          50          -3
           6         -51
          47          15
          22          40
         -46           9
         -47          13
           5         -50
          47          20
          17         -48
          48          14
          18         -48
          19          47
         -37         -27
         -44         -19
         -25          42
         -12          49
         -46         -16
         -37          34
         -49          10
          -4         -47
         -48           8
           7         -50
         -45         -20
          33          40
          36          36
          45          22
          47          22
           6         -52
           9          48
          29         -33
          11         -44
          34          32
          22          43
         -37          32
         -45          22
          48         -12
         -33         -38
          37          36
          33          41
          49          11
          37         -35
          49          12
         -13          49
         -41         -28
         -35          38
          -3         -47
          47           7
          33          37
          37          35
          33          41
          -2          49
          37          35
         -47          14
          46         -23
          51          -3
          33          42
          11          49
          32          42
           8          48
          39         -32
          48          15
          50          10
          -8          49
          44          22
          20          47
         -47         -17
         -42         -28
          51          -2
         -45          -9
          46           9
         -27         -39
         -12          43
          43          14
         -40         -26
         -47         -13
          50           9
          38         -35
           6         -53
          20          48
          -8          50
         -47          15
          37          36
          -1          47
         -48          -3
           8         -50
          47         -23
         -34         -38
         -31          39
         -48         -17
          40         -32
         -11          50
          52          -2
          44         -24
          48          16
          35          37
           0          48
          48           7
           9         -50
          35          38
         -22          42
          -1          43
         -28          36
         -25          40
          35          32
          33         -34
         -22          43
         -26          43
          38          27
          -9          48
          44         -25
         -23          43
          12          49
          48          17
         -36          38
         -36          39
         -22          44
           1          48
         -45          22
         -28          42
          38         -36
          40         -33
         -37          36
          16         -48
         -44         -23
         -39         -26
         -46         -10
          16         -47
         -14          49
         -33         -39
          37          34
          21          47
         -21         -46
         -25         -42
          48          15
          36          38
           7         -53
         -11          51
         -22          45
         -23          45
         -47         -18
          49         -11
         -32          39
          18         -49
          23          44
         -50          10
          -8          51
         -18         -46
         -36         -29
          34         -35
         -43          24
           2          48
         -50           9
          10          49
          52          -3
         -27          43
         -29          42
          49          15
         -48           7
          48           0
         -18         -47
          35         -35
         -22          46
         -48           1
         -38          34
          43         -25
          17         -48
         -40          23
          22          43
         -48         -16
           3          48
          20          46
          22          47
          47         -24
         -43         -28
         -35         -31
          -8          48
         -23          45
          36          38
         -34         -39
          -4         -48
         -34          37
          35          39
          19         -49
         -46         -20
         -50           8
         -10          51
          40          25
         -41         -28
          40         -33
          20         -49
          41         -32
         -47          -4
          15         -47
         -33         -40
         -48           0
         -16         -45
          48           6
          37          35
         -35         -38
         -46          22
         -47          22
         -32         -40
           8          49
         -48         -13
         -18         -48
         -49         -17
          29          38
          23          44
         -50          11
          42         -32
          21          48
          22          48
          41          25
         -42          24
          46         -22
          37         -36
         -48          22
          -3         -48
          48         -13
         -45          24
         -26          44
          38          34
          38          33
         -29          43
          -3         -49
          50         -11
          29         -34
          16         -43
          46          -8
         -48          -4
          43         -26
          35          39
          38          32
          47         -22
          32          43
         -10          52
          28         -33
         -27         -40
          18         -47
         -39          34
           5         -52
          46          23
         -49         -16
          47         -21
         -23          46
         -51          10
         -52          10
         -32         -41
          50          15
          -8         -46
         -28         -40
         -49          -4
          20          47
         -48          -1
         -17         -48
         -40          34
           6         -54
          53          -3
           4         -50
         -42         -25
         -43          25
         -40         -28
          17          47
         -19         -48
           5         -53
          54          -3
          39         -36
         -50          12
          -9          52
          48          22
         -43         -29
         -22          47
           7          49
         -35         -37
         -23          47
         -49           7
         -47         -20
          49          22
           8          50
         -36         -32
          31          38
          29         -35
         -46         -13
          44          23
          50         -12
         -47         -21
          32          43
         -20         -48
         -49         -15
         -45          25
          52          -1
         -38          36
          51           9
          10         -50
          37         -37
           5         -54
          12          50
          53          -4
          39          34
         -37         -32
          -3         -50
         -46          17
          51          -1
          -8          52
          37         -38
          21         -49
          50         -13
          52           9
           8         -53
         -49           0
         -45         -23
         -48         -12
          -9          51
          42         -31
         -35         -39
          50          22
          22         -49
         -50          -4
         -51          10
          45         -25
          21          49
         -50          -3
          52           9
         -51          -3
          -7         -46
         -41          24
         -21          45
          -3         -51
         -44         -29
          13          49
         -41          25
         -20          45
          17          48
          50          16
          10          50
          20          49
          54          -4
         -29          44
          50          12
          41         -33
           5         -54
          45         -26
         -49          22
          36          39
         -49         -12
         -50         -12
          32          42
          43         -31
          -1          49
          51           0
         -48         -20
          47         -20
         -50         -15
         -39          36
          55          -4
         -52           9
          54          -5
         -23          48
         -39          37
          32          44
          39          27
          -3         -49
         -33          39
          50          17
          46         -26
          22          49
          20         -45
         -50           7
          -7          52
          -2          50
         -36         -38
           8         -54
         -45          26
          -8          53
          22         -50
          10         -51
          -4         -49
          21         -45
         -45          26
          46          24
          -9          53
          39         -37
         -45          27
          43         -32
           9          50
         -38          32
         -50           6
         -21         -48
         -51          -2
         -46          27
          21         -50
          39          33
          53           9
         -28          44
         -33         -41
          22         -50
          48         -24
          21          50
          -8          54
         -50          22
          53          10
          -2         -44
         -33         -42
          51         -12
         -44          27
          37         -39
         -50          23
          39         -38
          10         -52
         -50         -17
          41          26
          -8          49
          28          38
         -34         -36
           5         -51
          22         -44
         -47          21
         -21          47
          51         -13
         -10          53
          23         -50
         -41         -29
         -52          10
          43         -30
          11         -52
         -49         -20
         -43         -30
         -33         -43
         -51          22
         -46          28
           5         -55
         -21         -47
          12          51
          48         -20
         -14          50
         -51          -4
          53           8
          51          22
         -50          24
          37         -40
          11         -53
          23         -40
         -41         -26
          34          37
          47          22
         -51         -12
         -30          44
          29         -36
         -39         -28
          13          49
           2          49
          39          34
          20          50
           8         -55
          54          10
         -15          50
         -36         -39
         -15          51
          54          11
         -40          37
          49         -24
         -23          49
          34         -36
         -25         -43
          50         -11
         -22          49
         -26         -43
         -47          23
          36         -40
         -25         -44
          23          45
           4         -52
          38          36
          49         -24
          -4         -51
         -25         -45
          20          50
          21         -51
         -52         -12
          50         -24
          43         -33
         -37         -39
         -37         -40
           1          49
          47         -21
         -48           2
         -23          44
           8         -51
          39          36
          40         -38
          46          25
          -2          51
         -51          -1
          49          21
         -50         -18
         -51          23
         -52         -13
         -51          23
          55          -5
          -6          52
         -40          36
         -36          40
         -38         -32
         -41         -30
         -47          17
          36         -37
         -40          35
          -2          52
         -52         -14
          22          50
          11         -54
          51         -24
         -51          12
          40          36
          14          49
          50          14
         -37          39
         -53         -13
          50         -14
          47          25
          -8          55
          40         -39
          23          50
          48          25
          48           1
          50           0
         -47          24
           6         -54
          44         -31
         -30          45
          50         -25
         -52          23
          46         -27
          12          52
          23          51
          40          33
          36          39
           2          50
         -52          -4
         -53         -14
         -22          50
         -52          23
         -31          44
          36         -41
         -41          34
         -47          28
          51           1
          39          37
         -33         -44
         -33         -45
          -9          55
          53           7
         -16         -48
          36         -38
          32          44
          35         -38
          53          -5
          51         -14
         -21          50
          34         -38
         -48         -21
         -37         -40
          24          50
          56          -4
          53           6
          52         -14
          -2          53
         -21          51
         -18         -49
          33          43
          51          17
         -50          21
           8          51
          -5         -51
         -40         -30
         -44         -28
          12         -53
         -49         -21
          39          38
         -52          -1
         -45         -28
         -50           5
         -13          50
          47         -26
         -53          -1
          33          44
          -6         -51
         -52         -11
         -32          44
